25MCMT01 Rahul 17 50 12 49 15 30 13 48 31 45
25MCMT02 Anuja 26 42 25 51 29 54 21 42 35 40
25MCMT03 Sumant 35 39 38 42 27 46 23 43 39 55
25MCMT04 Pooja 32 52 34 60 30 55 28 50 36 58
25MCMT05 Aman 28 35 32 40 30 38 26 42 29 36
25MCMT06 Neha 35 60 38 58 36 55 34 59 37 53
25MCMT07 Rakesh 22 30 25 28 20 35 24 32 27 29
25MCMT08 Samanta 30 55 32 58 34 60 29 54 31 57
25MCMT09 Deepak 36 60 38 58 35 59 34 57 37 56
25MCMT10 Kavita 33 45 36 48 39 44 35 46 38 47
25MCMT11 Rohit 18 25 20 28 22 30 19 27 21 29
25MCMT12 Nisha 40 50 38 48 35 52 37 49 39 51
25MCMT13 Mohit 35 58 37 60 36 59 34 57 38 56
25MCMT14 Alok 29 34 31 36 33 38 30 35 32 37
25MCMT15 SaiPriya 38 60 36 58 37 59 35 57 39 56
25MCMT16 Sanjay 24 32 26 34 28 36 25 33 27 35
25MCMT17 Ritu 30 53 32 55 31 57 29 54 33 56
25MCMT18 Vinay 35 60 36 58 34 59 33 57 37 56
25MCMT19 Kiran 35 44 37 46 39 48 36 45 38 47
25MCMT20 Williams 32 58 34 60 33 59 31 57 35 56
25MCMT21 Arjun 30 49 32 51 31 53 29 50 33 52
25MCMT22 Meenakshi 30 38 32 40 34 42 31 39 33 41
25MCMT23 Pankaj 38 60 37 58 36 59 35 57 39 56
25MCMT24 Sahil 30 56 32 58 34 60 31 57 33 59
25MCMT25 Suresh 27 33 29 35 31 37 28 34 30 36